145   0   0   0   0   0   0   0   0   0   0   0   0   0   0  12
145 255 255 255 255 255 255 255 255 255 255 255 255 255 255  12
145 255 255 255 255   0   0 255 129 255 255 255 255 255 255  12
145 255 255  31 255  31   0 205 119 180   0 255  31 255 255  12
145 255 255 138 138  72 255  72  59 230 138 138 138 138 255  12
145 255  86 143  86 143 255   2  31  17 255 143   0  86 255  12
145 255   0   0 255 255 255 255  31 220 255   0   0   0 255  12
145 255 255 255 255 255   0 254 234  25 255 255 255 255 255  12
145 255   0   0 255 255 255   2 129 255   0   0   0 255 255  12
145 255   0 255   0 255   0 255 129  25 255   0   0   0 255  12
145 255   0 255   0   0   0 243 129 255   0   0   0   0 255  12
145 255 255 255 255 255 255 243  31 220 255 255   0 255 255  12
145 255 255   0 255 255 255   8 129 220   0   0   0 255 255  12
145 255 255 255 255 255   0 243  31 255 255 255   0   0 255  12
145 255 255 255 255 255 255 255 255 255 255 255 255 255 255  12
145   0   0   0   0   0   0   0   0   0   0   0   0   0   0  12
145   0   0   0   0   0   0   0   0   0   0   0   0   0   0  12
145 255 255 255 255 255 255 255 255 255 255 255 255 255 255  12
145 255 255 255 255   0   0 255 129 255 255 255 255 255 255  12
145 255 255  31 255  31   0 205 119 180   0 255  31 255 255  12
145 255 255 138 138  72 255  72  59 230 138 138 138 138 255  12
145 255  86 143  86 143 255   2  31  17 255 143   0  86 255  12
145 255   0   0 255 255 255 255  31 220 255   0   0   0 255  12
145 255 255 255 255 255   0 254 234  25 255 255 255 255 255  12
145 255   0   0 255 255 255   2 129 255   0   0   0 255 255  12
145 255   0 255   0 255   0 255 129  25 255   0   0   0 255  12
145 255   0 255   0   0   0 243 129 255   0   0   0   0 255  12
145 255 255 255 255 255 255 243  31 220 255 255   0 255 255  12
145 255 255   0 255 255 255   8 129 220   0   0   0 255 255  12
145 255 255 255 255 255   0 243  31 255 255 255   0   0 255  12
145 255 255 255 255 255 255 255 255 255 255 255 255 255 255  12
145   0   0   0   0   0   0   0   0   0   0   0   0   0   0  12
145   0   0   0   0   0   0   0   0   0   0   0   0   0   0  12
145 255 255 255 255 255 255 255 255 255 255 255 255 255 255  12
145 255 255 255 255   0   0 255 129 255 255 255 255 255 255  12
145 255 255  31 255  31   0 205 119 180   0 255  31 255 255  12
145 255 255 138 138  72 255  72  59 230 138 138 138 138 255  12
145 255  86 143  86 143 255   2  31  17 255 143   0  86 255  12
145 255   0   0 255 255 255 255  31 220 255   0   0   0 255  12
145 255 255 255 255 255   0 254 234  25 255 255 255 255 255  12
145 255   0   0 255 255 255   2 129 255   0   0   0 255 255  12
145 255   0 255   0 255   0 255 129  25 255   0   0   0 255  12
145 255   0 255   0   0   0 243 129 255   0   0   0   0 255  12
145 255 255 255 255 255 255 243  31 220 255 255   0 255 255  12
145 255 255   0 255 255 255   8 129 220   0   0   0 255 255  12
145 255 255 255 255 255   0 243  31 255 255 255   0   0 255  12
145 255 255 255 255 255 255 255 255 255 255 255 255 255 255  12
145   0   0   0   0   0   0   0   0   0   0   0   0   0   0  12

 12   0   0   0   0   0   0   0   0   0   0   0   0   0   0   0
  0 255 255 255 255 255 255 255 255 255 255 255 255 255 255   0
  0 255 255 255 138  86   0 255 255   0   0 255 255   0 255   0
  0 255 255  31 138   0   0 255   0   0   0   0   0   0 255   0
  0 255 255 255 138 143   0 255   0   0   0 255   0 255 255   0
  0 255 255   0 138 255 255 255   0 255   0 255   0 255 255   0
  0 255 255 173 221  23 209  34 255  34 255 209 209 255 255   0
  0 255 120 113  55  29  29 234 120 120 120  29 120  29 255   0
  0 255 255 203  72   0 255 255   0 255 255 255   0 255 255   0
  0 255   0   0 255 255 255   0 255   0   0 255 255   0 255   0
  0 255   0  31  72 143 255 255 255 255   0 255 255 255 255   0
  0 255 255 255 138  86 255 255 255   0   0 255 255 255 255   0
  0 255 255  31 138 143   0 255   0 255 255 255   0 255 255   0
  0 255 255 255 255  86   0 255   0   0   0 255 255 255 255   0
  0 255 255 255 255 255 255 255 255 255 255 255 255 255 255   0
145 152 152 152 152 152 152 152 152 152 152 152 152 152 152 152
 12   0   0   0   0   0   0   0   0   0   0   0   0   0   0   0
  0 255 255 255 255 255 255 255 255 255 255 255 255 255 255   0
  0 255 255 255 138  86   0 255 255   0   0 255 255   0 255   0
  0 255 255  31 138   0   0 255   0   0   0   0   0   0 255   0
  0 255 255 255 138 143   0 255   0   0   0 255   0 255 255   0
  0 255 255   0 138 255 255 255   0 255   0 255   0 255 255   0
  0 255 255 173 221  23 209  34 255  34 255 209 209 255 255   0
  0 255 120 113  55  29  29 234 120 120 120  29 120  29 255   0
  0 255 255 203  72   0 255 255   0 255 255 255   0 255 255   0
  0 255   0   0 255 255 255   0 255   0   0 255 255   0 255   0
  0 255   0  31  72 143 255 255 255 255   0 255 255 255 255   0
  0 255 255 255 138  86 255 255 255   0   0 255 255 255 255   0
  0 255 255  31 138 143   0 255   0 255 255 255   0 255 255   0
  0 255 255 255 255  86   0 255   0   0   0 255 255 255 255   0
  0 255 255 255 255 255 255 255 255 255 255 255 255 255 255   0
145 152 152 152 152 152 152 152 152 152 152 152 152 152 152 152
 12   0   0   0   0   0   0   0   0   0   0   0   0   0   0   0
  0 255 255 255 255 255 255 255 255 255 255 255 255 255 255   0
  0 255 255 255 138  86   0 255 255   0   0 255 255   0 255   0
  0 255 255  31 138   0   0 255   0   0   0   0   0   0 255   0
  0 255 255 255 138 143   0 255   0   0   0 255   0 255 255   0
  0 255 255   0 138 255 255 255   0 255   0 255   0 255 255   0
  0 255 255 173 221  23 209  34 255  34 255 209 209 255 255   0
  0 255 120 113  55  29  29 234 120 120 120  29 120  29 255   0
  0 255 255 203  72   0 255 255   0 255 255 255   0 255 255   0
  0 255   0   0 255 255 255   0 255   0   0 255 255   0 255   0
  0 255   0  31  72 143 255 255 255 255   0 255 255 255 255   0
  0 255 255 255 138  86 255 255 255   0   0 255 255 255 255   0
  0 255 255  31 138 143   0 255   0 255 255 255   0 255 255   0
  0 255 255 255 255  86   0 255   0   0   0 255 255 255 255   0
  0 255 255 255 255 255 255 255 255 255 255 255 255 255 255   0
145 152 152 152 152 152 152 152 152 152 152 152 152 152 152 152

  0   0   0   0   0   0   0   0   0   0   0   0   0   0   0 152
  0 255 255 255 255 255 255 255 255 255 255 255 255 255 255 152
  0 255   0   0 255 255 255  29 255   0 255 255 255 255 255 152
  0 255 255   0   0   0 209 120   0 255 255 255   0 255 255 152
  0 255 255   0 255 255 209  29 255 255 255 255 255 255 255 152
  0 255   0   0   0   0 255 120 255   0   0   0 255   0 255 152
  0 255   0   0   0 255  34 120 255   0 255   0 255   0 255 152
  0 255 255   0   0   0 255 120   0 255 255 255   0   0 255 152
 12 255 255 255 255 255  25 234 254   0 255 255 255 255 255 145
 12 255   0   0   0 255 220  31 255 255 255 255   0   0 255 145
 12 255  86   0 143 255  17  31   2 255 143  86 143  86 255 145
 12 255 138 138 138 138 230  59  72 255  72 138 138 255 255 145
 12 255 255  31 255   0 180 119 205   0  31 255  31 255 255 145
 12 255 255 255 255 255 255 129 255   0   0 255 255 255 255 145
 12 255 255 255 255 255 255 255 255 255 255 255 255 255 255 145
 12   0   0   0   0   0   0   0   0   0   0   0   0   0   0 145
  0   0   0   0   0   0   0   0   0   0   0   0   0   0   0 152
  0 255 255 255 255 255 255 255 255 255 255 255 255 255 255 152
  0 255   0   0 255 255 255  29 255   0 255 255 255 255 255 152
  0 255 255   0   0   0 209 120   0 255 255 255   0 255 255 152
  0 255 255   0 255 255 209  29 255 255 255 255 255 255 255 152
  0 255   0   0   0   0 255 120 255   0   0   0 255   0 255 152
  0 255   0   0   0 255  34 120 255   0 255   0 255   0 255 152
  0 255 255   0   0   0 255 120   0 255 255 255   0   0 255 152
 12 255 255 255 255 255  25 234 254   0 255 255 255 255 255 145
 12 255   0   0   0 255 220  31 255 255 255 255   0   0 255 145
 12 255  86   0 143 255  17  31   2 255 143  86 143  86 255 145
 12 255 138 138 138 138 230  59  72 255  72 138 138 255 255 145
 12 255 255  31 255   0 180 119 205   0  31 255  31 255 255 145
 12 255 255 255 255 255 255 129 255   0   0 255 255 255 255 145
 12 255 255 255 255 255 255 255 255 255 255 255 255 255 255 145
 12   0   0   0   0   0   0   0   0   0   0   0   0   0   0 145
  0   0   0   0   0   0   0   0   0   0   0   0   0   0   0 152
  0 255 255 255 255 255 255 255 255 255 255 255 255 255 255 152
  0 255   0   0 255 255 255  29 255   0 255 255 255 255 255 152
  0 255 255   0   0   0 209 120   0 255 255 255   0 255 255 152
  0 255 255   0 255 255 209  29 255 255 255 255 255 255 255 152
  0 255   0   0   0   0 255 120 255   0   0   0 255   0 255 152
  0 255   0   0   0 255  34 120 255   0 255   0 255   0 255 152
  0 255 255   0   0   0 255 120   0 255 255 255   0   0 255 152
 12 255 255 255 255 255  25 234 254   0 255 255 255 255 255 145
 12 255   0   0   0 255 220  31 255 255 255 255   0   0 255 145
 12 255  86   0 143 255  17  31   2 255 143  86 143  86 255 145
 12 255 138 138 138 138 230  59  72 255  72 138 138 255 255 145
 12 255 255  31 255   0 180 119 205   0  31 255  31 255 255 145
 12 255 255 255 255 255 255 129 255   0   0 255 255 255 255 145
 12 255 255 255 255 255 255 255 255 255 255 255 255 255 255 145
 12   0   0   0   0   0   0   0   0   0   0   0   0   0   0 145

152 152 152 152 152 152 152 152 152 152 152 152 152 152 152 152
  0 255 255 255 255 255 255 255 255 255 255 255 255 255 255   0
  0 255 255 255 255   0   0   0 255   0  86 255 255 255 255   0
  0 255 255   0 255 255 255   0 255   0 143 138  31 255 255   0
  0 255 255 255 255   0   0 255 255 255  86 138 255 255 255   0
  0 255 255 255 255   0 255 255 255 255 143  72  31   0 255   0
  0 255   0 255 255   0   0 255   0 255 255 255   0   0 255   0
  0 255 243   8 243 243 255   2 254 255   2  72 205 255 255   0
  0 255  31 129  31 129 129 129 234  31  31  59 119 129 255   0
  0 255 255 220 220 255  25 255  25 220  17 230 180 255 255   0
  0 255 255   0 255   0 255   0 255 255 255 138   0 255 255   0
  0 255 255   0 255   0   0   0 255   0 143 138 255 255 255   0
  0 255   0   0   0   0   0   0 255   0   0 138  31 255 255   0
  0 255   0 255 255   0   0 255 255   0  86 138 255 255 255   0
  0 255 255 255 255 255 255 255 255 255 255 255 255 255 255   0
 12  12  12  12  12  12  12  12  12  12  12  12  12  12  12  12
152 152 152 152 152 152 152 152 152 152 152 152 152 152 152 152
  0 255 255 255 255 255 255 255 255 255 255 255 255 255 255   0
  0 255 255 255 255   0   0   0 255   0  86 255 255 255 255   0
  0 255 255   0 255 255 255   0 255   0 143 138  31 255 255   0
  0 255 255 255 255   0   0 255 255 255  86 138 255 255 255   0
  0 255 255 255 255   0 255 255 255 255 143  72  31   0 255   0
  0 255   0 255 255   0   0 255   0 255 255 255   0   0 255   0
  0 255 243   8 243 243 255   2 254 255   2  72 205 255 255   0
  0 255  31 129  31 129 129 129 234  31  31  59 119 129 255   0
  0 255 255 220 220 255  25 255  25 220  17 230 180 255 255   0
  0 255 255   0 255   0 255   0 255 255 255 138   0 255 255   0
  0 255 255   0 255   0   0   0 255   0 143 138 255 255 255   0
  0 255   0   0   0   0   0   0 255   0   0 138  31 255 255   0
  0 255   0 255 255   0   0 255 255   0  86 138 255 255 255   0
  0 255 255 255 255 255 255 255 255 255 255 255 255 255 255   0
 12  12  12  12  12  12  12  12  12  12  12  12  12  12  12  12
152 152 152 152 152 152 152 152 152 152 152 152 152 152 152 152
  0 255 255 255 255 255 255 255 255 255 255 255 255 255 255   0
  0 255 255 255 255   0   0   0 255   0  86 255 255 255 255   0
  0 255 255   0 255 255 255   0 255   0 143 138  31 255 255   0
  0 255 255 255 255   0   0 255 255 255  86 138 255 255 255   0
  0 255 255 255 255   0 255 255 255 255 143  72  31   0 255   0
  0 255   0 255 255   0   0 255   0 255 255 255   0   0 255   0
  0 255 243   8 243 243 255   2 254 255   2  72 205 255 255   0
  0 255  31 129  31 129 129 129 234  31  31  59 119 129 255   0
  0 255 255 220 220 255  25 255  25 220  17 230 180 255 255   0
  0 255 255   0 255   0 255   0 255 255 255 138   0 255 255   0
  0 255 255   0 255   0   0   0 255   0 143 138 255 255 255   0
  0 255   0   0   0   0   0   0 255   0   0 138  31 255 255   0
  0 255   0 255 255   0   0 255 255   0  86 138 255 255 255   0
  0 255 255 255 255 255 255 255 255 255 255 255 255 255 255   0
 12  12  12  12  12  12  12  12  12  12  12  12  12  12  12  12
